287
7419
4291
91768
3135
85455
64834
4898
55512
79143
5349
3745
26149
3916
63877
5462
56241
89796
3848
1535
1088
29115
339122
55731
404217
55784
10954
10886
83876
55720
952
6786
3569
22915
6097
8382
9737
920
26190
57649
672
7750
220441
375743
390940
404744
8241
2731
80207
481
4731
55707
2302
79090
2984
768211
80152
7114
375190
430
7965
4684
79443
123041
26259
93273
10262
2987
54905
57572
91039
139716
23136
8543
4703
149175
65110
57455
79752
9653
100507588
140711
729533
2548
5972
2237
1805
25946
4314
253769
10519
5634
4326
23559
4035
6512
26228
91942
83461
285362
629
7813
340267
1188
2888
114904
53947
5610
79834
26058
29063
92856
175
55198
3652
3908
51754
7409
54926
10933
2673
9153
120
65989
54923
27074
142684
10769
7186
5239
6091
5333
4907
2181
10652
1856
57116
57157
79056
7709
2110
145553
27154
80781
10207
7764
63915
64863
9619
5955
338339
84872
50509
9958
4061
84300
51442
168544
149076
6302
338442
57662
54467
375035
113278
151636
81627
3159
80006
23304
8847
57593
151242
7738
7347
23081
79184
7071
51027
203260
79644
84457
3106
116236
6288
6782
55647
593
10134
3786
23464
3551
5034
23242
51616
1903
81857
55151
3151
7172
205717
10487
57704
56138
346606
93100
56666
84804
22800
125058
847
100124536
2153
9934
7918
4833
441951
6720
4904
51192
2169
23476
3714
253190
219790
5052
9538
9843
3109
8993
79009
117246
10308
8809
439931
85460
64699
64859
91133
1080
9748
22995
55355
401551
154807
4801
101060684
100526693
100529063
51503
389015
54986
154141
65005
7700
64975
27148
80270
56342
54869
54863
4967
23234
55902
1441
57175
80264
23509
25987
414328
5976
112755
284656
4637
26762
56992
2669
110599564
205
51441
11129
646
9398
8545
79057
51320
2651
9450
55236
773
80820
1870
22899
1984
53371
64781
688
57722
10202
5954
80319
29944
24138
116541
51649
200010
89941
80320
1234
29974
10782
55160
56971
4218
114781
23770
6093
27290
5994
51582
5433
51056
79977
1639
57826
9441
111
93
133
22937
29057
84617
23473
23521
494115
4929
79886
2317
2590
11259
3707
6934
3399
158046
644096
83715
80005
374739
57136
23326
9166
9252
51734
79177
60
64078
10401
57214
84640
10667
3171
7226
55388
112752
2122
9168
282969
90441
57522
7100
8994
127
1072
23007
2002
10616
3726
7348
10293
27068
673
7433
50636
4162
131368
6443
132014
56975
1384
114822
229
8394
90321
6631
8790
26872
8880
7001
3600
155061
220965
7429
2191
23438
55266
796
64151
5428
200931
65993
100529261
22955
780
83930
10400
3577
25766
28969
23424
1302
6152
3909
83541
4101
23158
84138
9394
5140
26047
245711
81889
374659
10009
6727
55163
1280
7167
3164
10982
6364
2944
11014
9978
23098
25942
142679
57537
348235
1075
221184
230
90952
252839
139818
11024
55605
50859
10267
2104
27301
10388
10921
22864
6210
8412
729852
7520
65065
11334
89890
23308
2091
6129
51142
10660
81888
9910
85027
4723
347240
2030
23403
84062
5500
10409
5792
5704
10919
84072
339761
171568
7003
9022
115024
51046
1946
84572
653519
4070
9752
56901
10054
4600
100533467
1163
54760
10097
286826
9039
4691
8914
5028
10620
5734
93343
9761
63875
64102
11062
100526836
60489
2561
54210
55072
2803
419
9704
7546
25803
5606
9410
22936
54868
1627
54407
147906
220213
5002
80119
136647
100526835
57642
3709
10523
11143
342035
7023
54741
84307
341880
1286
23149
101241892
64847
27092
125965
8801
245972
4130
55304
11157
57091
100505633
84515
84612
2079
22925
57381
10235
202915
10568
6578
7386
9747
389170
573
117584
375748
6522
1520
9120
29993
9159
79813
7049
8170
84803
51248
9572
8467
2359
79685
6696
10130
23335
26512
4690
387882
81029
3038
284116
6289
55486
144321
79008
130026
91137
10309
9802
9091
145748
29087
84561
719
79876
8879
3655
64112
8658
23220
5581
140885
12
65109
51282
127579
7156
25945
1131
53615
3214
400410
23064
84333
84210
353274
653583
29094
57405
7050
9637
11086
64921
3898
79188
124540
91582
29920
100506658
66004
375287
120534
10865
3859
51588
353
1636
5329
468
57688
493869
56957
64881
54544
8927
6827
338773
8226
54509
124222
23588
65018
23463
23530
116154
115
54892
10894
1725
27292
375189
148979
2268
9946
8473
646762
10994
100170765
9779
11335
1340
2596
29796
55743
64106
1465
170463
4084
2357
4350
158586
81
23193
27236
2934
128272
7318
84331
3133
90799
3872
8899
2980
8939
389432
738
57115
4205
7371
26099
26100
6615
23078
79729
8424
6332
1907
55157
1811
9650
51315
84929
55810
2627
80777
57514
55276
252969
1039
4292
11137
3294
51256
54499
4712
57701
4698
339896
100462977
5275
94097
9929
140894
55288
5678
130074
1536
246181
10916
79025
1785
8883
2591
102724127
5346
5878
55872
79958
59349
51057
29842
134266
4547
9997
54815
100532726
8614
9592
22824
2188
10475
122481
259282
10512
1134
91151
8645
10244
54931
1135
51222
5912
84144
57703
57571
144535
3417
8459
6447
223
1975
51132
51099
5224
5053
23786
170392
221935
389792
114908
23276
338382
55601
83882
5725
57513
117178
7695
54507
81844
27199
9032
80024
116443
151760
29925
2826
29970
202051
8453
3373
100533496
8318
2794
10058
151742
23170
5599
9724
116931
9917
6902
4711
51162
286144
9804
81631
10026
81537
79719
64745
4689
84270
552891
6623
57663
54826
8438
80765
10605
100862671
7062
55150
8503
55127
26959
3169
127262
728464
150000
6891
9859
57018
8897
100310846
80853
760
6139
29992
84888
829
3755
83648
5607
1397
133308
4701
26750
2289
5440
6274
7280
10269
84105
113829
8192
7850
4893
5605
85358
89782
55231
11035
22907
4739
10270
221504
284346
810
1378
9274
3939
89849
57037
29966
84873
6189
3858
8120
1408
10450
114790
55272
389668
23284
51642
9553
84650
284293
3145
1017
2215
29121
201514
23224
9941
126433
128864
3737
56270
2831
6609
3682
55954
8819
652965
55773
6894
794
2535
728116
201625
7126
708
404037
5096
55258
94
51126
26060
8506
283897
140823
79893
328
84441
51322
1944
1010
115704
10050
7274
57634
146223
10107
55339
130
29881
2650
2530
150590
495
143244
6712
10365
8601
1859
57706
25978
4493
23516
9319
9509
400961
10631
27000
92579
79899
5257
148418
375387
218
144699
231
56062
713
79175
23383
4598
170384
79772
22989
55004
9095
6165
51218
597
643866
9236
9513
6575
23658
80228
3384
728130
5360
131873
55268
10580
85359
79590
122402
80071
7743
200634
51347
686
121441
79754
84622
83591
150726
26471
123036
11284
84306
57515
284422
284723
133121
79960
3280
55349
84254
7296
440107
54497
3866
25855
197342
5872
57369
55173
92304
1298
10806
1152
23171
11209
8530
10250
538
7913
80157
997
91894
79987
93323
1832
28956
7043
3667
80031
23199
6294
26234
599
5926
79720
64407
57670
130574
401541
9180
26354
55727
84919
10653
148254
8065
51377
55117
132864
23395
79065
90204
401115
4507
84513
57573
255027
8816
26986
148170
51421
11113
196740
375449
84033
56145
55697
3959
90850
2868
114780
9185
22863
10313
9353
8618
83540
442590
64763
55661
56135
8853
10156
6927
7469
138151
3980
55171
221393
55848
70
157680
23418
113246
6814
7798
79091
5536
55347
527
54757
113251
100528022
83988
11198
91746
6656
7162
80032
368
9776
161725
486
80095
4591
30812
54838
9801
7095
5881
8526
55346
79094
8034
64403
81555
54734
28965
5919
64928
94240
6258
9759
65008
54664
11264
5441
4324
84436
8322
4288
10389
9
29880
2720
6092
2959
2863
10553
54458
345275
28966
57448
3065
7145
137872
80709
54606
3960
2775
56931
8877
347273
100131017
6752
92552
4199
58496
1962
10882
23617
6633
3920
57615
84128
84275
9741
10451
26298
53938
2178
637
3185
1949
326625
643338
224
6929
7745
1401
221927
34
4808
3108
64766
79033
6035
120406
4953
1678
5130
164714
8313
10642
9725
114881
23350
54878
9743
6571
84450
80724
2697
10189
84337
1998
491
800
26249
2769
253461
372
28987
54985
84125
84074
5332
121601
5959
25974
54540
7402
8519
100128398
56109
6208
5737
199731
91607
10549
27286
1613
6774
117608
147686
4074
8669
54785
124808
222
57187
79089
283460
23063
2334
654320
7024
79937
148203
9861
115992
7079
1084
51122
10644
80254
10197
196441
125988
55074
345557
7991
404672
197259
4524
60436
116115
51621
10483
8829
29125
2491
83547
29990
100128327
6747
9378
55129
147463
2028
9811
2547
2889
440829
3691
55729
10131
6804
6676
389692
134957
121512
100874032
57685
653820
5129
1910
54625
8717
80201
100507050
8761
8517
9636
818
126308
345
219743
8622
89122
3759
1522
161436
25876
392
100631383
10618
2738
84885
84181
5175
91464
51478
9881
84461
115548
11336
2701
64773
4148
284613
79165
101927994
9194
90342
55217
60468
56924
123263
6834
441282
727851
4864
285429
105
1486
256302
5160
1740
56052
5464
11075
6732
5790
113612
5635
23352
29950
7803
29072
5187
57617
387119
57162
56344
10717
66008
25836
50512
84502
10005
100506649
123169
79933
128869
132299
6304
153443
25949
79017
338440
10525
8988
642799
2309
5142
196883
79442
8882
27350
257218
57140
11054
317
9167
5829
10904
5013
79142
2313
56900
84671
10980
389203
3664
49855
151230
121506
816
3965
201255
1050
23329
9170
100132406
5357
7832
339977
28232
10139
3992
203068
10218
8193
5274
21
63926
64285
10011
51011
27344
401898
130589
3276
100507347
54443
1933
11339
113452
57556
1822
53820
85376
3216
284439
1719
51202
84948
23277
205860
129446
55328
4209
875
4335
835
29123
11228
56896
340037
57122
200081
4121
51701
51643
64223
4299
9782
171586
84818
57463
282617
55794
147807
23108
834
27287
649446
5612
57690
9497
123096
54810
8692
10897
283537
2780
6396
10825
6498
105377924
4312
63893
23478
64960
130576
1176
3570
2966
9147
55344
10280
54516
25790
5801
65056
57665
63899
64843
56261
4000
3224
102724562
4700
162966
29095
57105
51177
79923
151987
283489
6230
51388
221692
5307
255520
5865
85014
2615
85406
11094
55038
84552
23245
6094
128408
2219
8553
8491
376267
10930
51274
374393
3491
84152
1953
84286
4100
7358
5298
4172
338645
56127
53616
58478
246777
55611
2647
29957
9807
83594
3052
6305
114132
254887
23091
689
57326
64236
79365
100310812
9411
59345
389072
23089
22883
11177
91351
54511
10541
5998
64284
6605
10157
4585
4005
2101
100506639
5740
23762
3767
53840
50944
355
79074
153129
80235
10231
342132
1213
7442
2113
4603
55209
3632
55670
4437
80271
25939
3429
6868
9002
79589
83445
11105
824
8744
23248
3267
130399
55716
5066
64651
4696
27102
29108
51382
9223
4363
161742
203286
9857
91775
55226
643008
8842
2355
78999
100616477
29901
63940
3777
55084
55081
7306
6941
23498
100113386
51279
1022
128553
84439
124402
91298
25800
23179
27097
10693
55764
55997
56928
677828
5361
3710
83259
83401
55808
192683
55758
83480
643382
49854
390010
3032
3163
81575
25953
1808
10
113
4692
51330
55167
90990
56134
50848
56918
5315
153020
3684
4669
861
2308
84883
116843
126306
10550
84221
26524
5176
25977
80323
3375
9213
118663
8942
57472
124093
285513
10961
645
64231
3675
22862
55052
7335
7205
25805
1112
7037
6541
6491
6596
3993
84525
10548
1812
55815
84279
2078
131408
150737
1345
51083
51255
148137
10903
3638
400
84861
64087
10105
55233
199223
5003
5327
11316
55320
10102
4192
80723
124446
100526737
57414
84842
23005
11346
84133
54658
84303
89887
3156
114788
2879
51522
1729
1238
3937
5869
113026
27125
10090
7416
6426
114879
2962
30011
54742
353288
79973
3191
10873
5806
10603
2013
6154
5757
388591
9635
254552
283149
55010
102724434
57677
384
334
9414
10212
3249
285175
131601
10513
51660
29978
55851
64105
5597
6328
116842
55075
441518
23131
3291
6595
81606
163259
79639
23087
59269
9886
143098
10988
79711
148113
84448
23590
154043
9965
10803
60675
11190
440145
84247
2077
84295
55966
121260
2525
9212
84196
55632
822
57179
387893
55592
4782
26032
81855
191
81578
23047
39
84527
389541
541565
255394
64320
27247
2906
80142
1445
84342
3207
54814
374654
130340
643160
1735
54469
1297
5068
23548
1303
1063
23386
104
4242
728888
85414
10019
10084
55665
9585
3082
84647
83939
22893
54538
83660
27291
8638
64063
9682
9988
1528
6755
3069
9609
115426
84243
5250
55795
1386
5837
57453
51186
729375
55313
284348
169714
84869
257415
6872
79169
51657
6327
161497
123
9874
9129
148932
80224
6783
51380
24141
8857
440335
285195
1014
8659
1643
3338
271
165
5118
57520
9380
54991
5586
220074
27165
54834
269
3887
26091
613
22992
1387
202151
10514
55194
1634
9821
81603
10800
340393
54436
23671
9249
9464
6004
81932
9306
51071
121278
54978
116840
5791
411
4144
115817
80746
81788
728577
5558
29943
57030
254065
8099
81566
83593
91754
8161
5728
3425
11031
5649
7267
445582
10117
5639
5925
1557
54805
26093
4850
976
29079
140831
79132
284106
904
9568
80755
10180
9188
65125
124
25930
51703
8405
84720
197135
56670
54505
2049
440435
29994
54546
347252
210
1717
23741
29948
441027
55556
6809
9531
29777
5460
4659
51735
93082
10272
838
84727
90701
160857
80139
10457
8771
65999
63922
4609
54432
3458
79971
7739
27244
6122
8702
10590
6555
10728
203190
8654
8204
10060
4151
55930
54659
90411
2149
644844
100529211
90507
9469
3853
4166
84930
257240
10723
473
23753
9711
4240
134265
53637
54680
307
55705
51692
1666
2314
100131187
10773
121642
79674
151126
10675
1506
7320
284325
55182
25972
892
23642
594
57418
6482
80336
653149
7045
203102
83933
9758
144245
8536
388325
23381
286753
58476
10140
137886
79892
8792
1893
6019
54839
79637
6045
4018
868
100463498
5788
162073
51602
114134
6768
3855
84310
1997
10686
55640
56937
2811
8907
309
25891
401505
90362
55719
2770
9219
6100
823
6048
54957
374977
27173
91252
6993
3202
91523
7292
7439
4651
22859
57658
208
6919
5396
9577
100303453
1052
5747
64864
89857
123722
387263
8125
4548
64427
90861
285386
284058
692073
654
7077
10261
9342
22849
8641
115265
1212
7259
81619
9331
6635
29800
10148
55125
4155
990
93134
100170229
28984
414189
641648
102724826
55331
828
6142
79954
79682
1266
1786
113655
80198
55033
22838
9818
6610
131566
253260
84553
6794
64764
84313
2353
716
50
10905
7111
57761
7767
1644
65217
7072
7388
113130
100506334
6324
3547
3049
84419
2274
2323
3054
5652
80339
1048
972
92106
160364
1192
8030
286
11163
3604
84220
2065
116092
5623
56907
131870
202181
35
642
25847
4695
79070
51593
3913
55732
55893
5062
10168
56898
100528064
7139
6386
66036
5195
4150
200933
143884
10999
26579
400322
3921
121457
26511
285704
767557
1001
2222
9738
7730
55214
79801
441250
3454
3460
56262
55285
55005
6455
284076
161247
64841
692158
64410
6811
23426
51693
10778
7389
5478
27132
301
153527
125050
79750
5518
4085
113828
27341
144404
401303
58480
3838
4294
85417
8434
7171
3622
50809
8673
100101467
80155
11072
100129195
23583
220382
643707
9080
619208
3037
114926
25999
79710
10477
54726
79877
145226
83696
6470
89839
9709
727
6886
4237
221178
29940
284805
219844
3344
735
23225
273
3797
8644
56987
10846
55501
80255
84135
28514
6157
730051
20
408050
338324
7105
10497
3113
113675
5565
51524
22821
23421
84316
7693
10010
101730217
85456
79174
8936
6286
1417
669
388228
83987
23232
10062
6876
1849
1612
388697
51574
11034
5918
23049
338
10917
54962
5927
2968
9837
9183
6044
71
7098
1877
548593
54778
9122
80035
124056
81847
81533
440689
5874
54972
164781
118932
1203
10204
6136
7582
64319
286319
10478
353514
55505
4694
57176
10936
79658
51629
116150
3673
55094
619565
51004
11328
8987
9894
64787
56935
10540
4811
3329
79874
10161
9678
55095
1306
4627
56125
5310
51569
253143
80311
335
5930
8567
51514
23204
55802
5450
154664
83666
5650
23207
311
64499
1070
56265
3382
54857
81562
2159
653509
342979
6519
27069
5768
5174
25802
163732
2864
1842
29899
26235
79609
1121
4671
7690
503542
79158
54541
27018
80210
56654
728642
1025
123355
1133
2117
4055
23328
10664
8477
341019
158399
127845
64747
30811
8624
23274
26007
2705
1184
159963
158158
266747
2788
30000
8326
51335
968
283629
23255
126328
10539
130749
55300
10654
1277
115749
121227
51130
8131
147798
348013
112817
163486
5905
25998
6603
4188
1459
25824
415117
55699
9918
22874
2543
254102
2639
54165
152815
388630
23624
100533107
5687
57486
2064
54738
116225
8718
23129
6619
6819
9833
84186
120379
51154
64005
2672
4317
64397
284131
51463
91461
144811
55082
132241
10594
1316
27113
23394
51763
6334
54852
51285
8208
58155
83443
10336
79648
23160
4796
25957
8651
2197
100534599
158038
6391
101059918
7691
7620
192286
6867
5563
11128
115677
83468
168850
4140
11179
129642
1843
79798
55294
148870
1734
4128
6641
10486
10915
22861
57599
83606
51170
6223
374378
25832
402665
440275
100506599
10893
9945
136
3433
170689
5978
10211
10741
257019
9110
5467
360023
4830
22807
56882
9311
951
7181
375323
9736
51761
387104
347734
23389
2287
51278
324
5366
131450
84206
54894
81620
53
79643
5031
5236
59084
8546
3552
6890
57109
2029
10233
23336
57475
308
4521
7189
3915
6745
9517
10983
55667
23243
2678
27314
51471
9308
60672
192669
84941
6164
1600
100131564
57223
6707
2813
23212
9957
1349
283985
7486
5764
10819
23144
124491
55577
3396
54823
79811
23175
728741
23452
3832
80312
91687
90480
79077
3738
4704
64423
8437
6576
4660
64783
219699
22873
214
51517
5867
10456
129049
115560
84261
401474
170954
51172
7185
56946
25911
84259
5127
26123
151835
22876
29
165055
55750
6558
7163
81871
6692
6309
102723099
84219
53407
54578
4496
9618
7980
4793
7857
4234
10398
7378
389941
26154
64418
51087
79803
145853
285489
27443
114799
116071
55255
100526664
7122
7127
93380
133686
79654
131
150709
813
388685
6565
3841
7692
339745
6235
10458
92104
5789
1356
8636
10420
79897
10870
9138
91624
23244
79634
22921
23597
28960
2982
26173
401612
84898
9863
6428
8997
114792
3795
5126
2232
5108
312
3140
24137
91442
2624
102723547
9580
51385
118738
2260
4863
5688
83657
10417
9049
54883
55504
4878
3953
128
3563
9421
5303
706
1407
29923
51655
31
114327
79788
88745
595
256364
1181
79027
4072
8218
653361
7702
200424
51706
896
340152
9202
283
9124
100128640
3119
9365
942
7096
346673
2876
340485
348938
10049
80325
440603
1124
53905
8493
11199
29906
9841
1769
23324
23268
5595
2170
6400
202333
57827
10858
57659
1062
143
266812
8038
8431
5203
284403
266727
22934
84674
79838
119
143279
8470
54539
122060
4803
9248
9262
389690
4135
80115
345651
51337
358
285908
10564
126969
84722
2967
53349
675
50614
2262
11215
6560
26267
1677
2729
5631
54749
4709
91646
2954
80164
80230
3868
9360
94239
26784
127833
90134
5914
7753
125111
378938
83879
8557
55048
2286
51133
1113
594838
9955
56948
9246
4733
2512
114907
80018
102724851
1284
118490
54788
116123
1755
387509
27020
54980
79583
7182
10238
23481
4320
732
10190
29066
11069
7064
7627
57646
817
7128
641
129531
25849
374868
80206
157922
50856
8797
53339
1917
23032
221785
8079
100113407
92241
164832
23443
4986
55854
10520
81890
6281
151613
284611
84273
7364
57209
6176
195828
59272
27340
23780
64708
84793
351
7283
4090
29960
7273
1767
140738
202134
100533111
730755
3646
497259
2674
4277
144402
4718
23258
6132
9718
5689
201232
7447
7772
6419
83481
1978
966
5097
10288
29799
414149
11176
65980
79867
84769
10809
57178
3198
23263
9468
79085
2587
8934
11117
5255
25862
651
64395
10561
1000
340481
58525
2695
10815
10380
6526
7091
2717
85378
51665
8815
11041
10560
6119
338811
22913
10247
51199
11065
253012
1630
9150
2266
28982
1601
100288332
25950
90427
330
57590
84246
6474
23138
5700
9475
51293
51699
9112
57801
64901
5817
5982
54510
64968
6629
148223
55536
112399
10614
158747
6166
1593
53918
7564
5583
100505381
126567
55723
26819
51105
51690
9688
158
163115
29924
1588
81839
7915
90113
26086
5010
29959
55958
55089
7090
100131755
7726
78989
3575
169611
3656
54802
9448
375341
8522
90141
837
6340
3985
55814
4116
57655
79171
53834
126282
659
374354
200576
2517
29080
116113
22885
5087
100463285
27089
9654
4094
100526837
55711
4131
100132994
54206
347902
389903
4899
5908
11167
79586
57820
56112
23491
84928
285346
57608
81532
51070
83714
56098
54346
54861
9567
2107
11343
91445
5724
57536
2553
3223
100532731
6196
10210
7148
6975
26548
5495
4957
28231
26960
158358
84922
3835
3756
158405
100131454
5266
5376
55837
221322
255783
8416
5519
9242
4915
283464
3002
80223
343450
10217
4861
90780
8843
285440
284252
51193
57016
891
2956
143684
1314
50865
22871
6310
474384
7170
6303
6362
619505
10746
90353
4688
4942
7431
51773
10307
132
84684
8778
81559
10669
1606
57456
8974
125950
2887
4214
10098
94056
6564
93099
51434
1594
55145
80310
23493
340554
253782
6102
9616
261726
30827
29886
23423
2662
4293
140828
467
79031
84817
7227
4241
79602
5985
80173
140609
7305
55813
65057
55329
55787
54517
79657
9044
92597
1534
222611
401232
64343
3305
643911
57786
9975
7052
148229
1974
9412
102
407977
805
4236
51
1179
56144
6549
55254
3486
440270
166824
548644
9641
57654
84951
29903
29028
2979
9050
79959
51079
10978
4714
54466
23101
412
8555
4800
129401
54020
7517
54490
23353
51059
2052
9454
3081
79784
4666
64943
155006
22895
162
257397
3984
114088
9856
51090
79187
332
29091
389206
23354
1178
399665
55509
4738
201626
220164
3336
64581
221079
55785
114659
64375
2990
347
100419583
90864
51371
3760
8073
79875
25932
93649
54477
56905
54877
115290
7594
122769
2135
4973
54812
114786
718
6606
1641
137994
90523
1045
1537
7425
100129034
4049
1854
55333
342357
23492
27031
492311
730092
64170
9697
23612
6925
6356
58189
2890
84662
7584
7113
6574
7321
26519
286262
51175
6444
1388
8436
114818
54550
715
100131801
11254
3309
10099
25963
196527
5105
54521
55076
23405
1066
23092
4725
51473
10962
5799
5054
7157
86
152687
79871
84444
37
7428
2746
7982
5318
22903
18
90313
79730
6385
5445
5566
1847
51366
84324
4831
80196
400891
51606
223117
7290
51138
1871
126075
55876
116369
647310
23365
6150
340024
145741
50999
5355
23239
85451
27071
58505
399947
90333
10735
26122
10966
92344
10142
100130361
10517
7019
51513
4123
247
23070
80829
26953
132989
23344
79156
23185
1432
30
84318
23650
219931
51307
57763
5080
6607
23417
8706
23435
5507
57222
7057
27338
26984
26517
122416
79666
11227
55898
80145
2306
83937
146212
89932
10252
776
3910
5468
89958
7200
51768
55796
115098
3053
9920
22898
25778
144193
50484
8556
64092
55208
26793
219293
286451
9771
57410
55686
9656
57130
84908
50506
140739
11138
401409
84304
8507
201163
342184
26589
6521
10101
4758
81622
3679
7936
6792
2584
23554
9099
54872
10906
4814
8544
10838
65220
6228
128866
9101
285267
65010
65251
203523
3628
729920
7150
5136
29843
350
54065
1038
91283
23397
55906
5128
9496
80895
100131213
23767
291
388389
11240
677772
139285
5916
65003
345611
26108
3187
587
10952
10072
23378
57509
6272
84140
80344
3092
22828
3127
28972
6199
8833
339453
10611
956
9667
1824
221938
10200
11222
56950
53354
23654
100379345
57541
84645
115708
2820
23151
10985
3728
10209
55062
3112
63970
10003
23557
80144
442582
2767
112936
7220
28985
83698
26585
3606
401494
85439
63979
2549
83989
1005
79152
728743
221477
8878
3059
25902
25844
7033
92482
168374
3030
274
3713
79018
4832
582
6404
3998
8661
2115
2033
57507
5921
115273
2975
153769
8884
84190
9546
103910
7411
352999
4093
374
23543
10907
124245
27128
64207
1173
2997
388962
51295
85508
8509
56650
10775
2026
85865
266977
54522
26137
1501
51704
3799
5253
85025
55662
6388
84141
7112
148206
203054
967
220963
199953
215
55870
29101
55280
83460
2168
2155
6822
389677
8789
30845
7323
10178
150372
5045
212
4037
677770
23635
6095
4129
84284
5653
858
7675
26262
26115
3489
5188
124872
154761
9296
9522
221458
64220
653464
285590
5074
8496
9130
80010
5326
137075
8613
51496
90007
29844
113523638
11119
126626
23406
51545
54442
192670
57132
58497
5578
79894
6530
284424
9013
9071
55343
642475
54799
57510
4586
23294
90485
7422
257068
6599
3303
483
51760
64756
10628
7203
27163
84707
23241
1967
25799
1109
3293
1948
4147
57466
169841
154467
6936
403
95681
51060
55256
83483
55591
29968
8013
11004
9705
147495
28511
9037
51086
57713
135112
80153
9015
51204
9154
128308
9684
2653
286077
84879
54542
8577
26993
79807
9175
124801
9693
2787
134285
8225
5501
51200
1781
51164
353497
64710
122618
7027
1827
11180
53826
22981
6000
6262
8515
255738
57661
10488
64168
122970
51314
55315
8886
51752
4201
51088
170958
30844
1825
1826
2275
2180
5880
7102
1577
2946
23644
2822
80067
478
7004
79161
64978
169355
93145
655
55051
5594
6855
11174
5099
55626
23223
254827
2558
4706
253980
123264
3320
150223
661
399664
1848
7356
1746
114793
55589
23515
22878
10509
6584
7175
63892
114569
820
27297
89795
4210
5962
2905
91828
85437
140690
55319
1031
56257
56675
150094
388323
635
23527
25923
57568
2644
51166
51728
2850
81629
79797
23640
87
27289
4436
27306
5723
9610
54620
2957
10579
9057
5362
1738
25959
400451
2131
23150
3301
5496
7846
29965
55693
84256
10970
80177
1672
29995
9869
26232
3340
57380
9232
1185
5260
8537
92211
5832
6622
5984
2641
79000
6648
23082
6242
10007
27237
5509
51635
9392
84549
1269
6935
79931
342371
92840
80003
5019
4771
51428
27333
642273
65084
10813
8913
25906
96459
10093
55704
721
65987
5697
60559
51750
30846
26521
581
64780
55679
54930
1033
5794
54899
9985
54971
6879
79962
374918
5858
7161
4501
24147
170506
10867
10471
127435
26146
57794
9149
55715
55035
9254
79625
79572
8608
7957
59283
161779
56929
56965
22929
51447
5922
8284
23246
255189
2012
57216
4999
124641
388552
84969
140733
84878
100528030
6581
10656
11130
64922
83482
51639
5272
79943
1159
81542
26253
284099
23544
51260
57127
6556
2804
91419
127255
50485
84079
4059
10198
9855
8682
253943
153090
1605
285180
138050
55830
2280
7169
4211
22943
9181
7621
9261
9489
2043
256394
728489
8479
7867
10924
10435
54848
85495
728113
1471
54494
11151
1855
79818
5771
6171
80352
10965
4259
25897
7531
5902
3576
5151
80863
10123
58495
84957
10421
92285
10890
10113
100130519
6563
4909
28970
220107
8569
4674
51389
84838
55246
9217
89797
55108
9645
23708
529
64762
9914
55295
9514
10776
129450
4224
93979
136332
3215
50937
839
2810
81488
117854
168667
5629
81688
222008
153830
6711
56171
147923
6155
554236
60558
100506881
60343
5155
84985
285
26472
23231
3028
55374
10552
163933
4615
25870
64225
27339
5269
127534
57558
57402
63891
3773
790
9931
10289
8427
647024
3182
2683
81031
401024
8739
9739
51000
54033
167838
23379
26999
98
1018
9670
84619
6670
29980
100507547
9749
126823
51433
7262
7319
6853
5330
2330
22853
257194
643236
84365
84376
8832
23214
84787
6195
3572
9314
153364
83475
10092
83992
162466
126298
9455
10227
116372
25825
29803
3624
284371
8165
85007
79827
578
55553
23035
51301
6525
65991
51340
23016
55806
10743
26010
5251
79812
116362
26012
55055
54776
23076
79582
64393
5966
3326
11213
6916
22918
54585
149466
1174
9581
25816
344148
10749
92979
51022
728378
197335
10393
100131257
284349
55800
3895
58
54665
25777
1462
5046
7029
150082
2098
55502
128239
653220
9341
283375
349565
81693
64750
9334
120526
84924
3885
1999
4900
140460
152519
60313
84437
64979
114769
93624
79154
11136
5999
4943
26017
729220
9905
84936
8578
1183
266740
23299
64794
10411
285527
23468
4041
8452
122704
23162
6118
8581
4296
133957
10086
4720
64981
9584
145482
200916
100529241
3845
4048
11338
65249
83719
7009
6950
100500849
72
128229
55559
55669
9263
339287
57799
10587
256076
10046
1496
1244
80864
10677
3763
116461
5214
2845
85366
546
7164
113444
2004
4189
26855
4355
293
6917
10818
8720
55080
9939
10434
5721
54935
435
85474
126299
24
7532
26499
5164
55668
51232
4026
2542
221092
5141
382
284021
84665
9819
9717
58498
84687
54518
7543
64093
389
3313
25984
64788
284129
138311
857
84952
3694
26157
51091
80097
221937
80174
27141
100506144
3183
653784
3234
57821
57057
101927802
9189
54617
58527
122953
1385
6793
9792
9899
79369
9694
23362
3174
3566
57602
604
57552
150962
11102
389791
23307
4225
6490
64094
201562
56681
51107
10959
3225
55565
10397
9744
201161
54888
8754
162514
25928
245973
59277
5154
79780
55103
54858
55737
55180
10808
5775
2069
54939
51028
140707
168002
3776
54431
153241
64400
9595
4582
79888
8848
5134
1201
8621
10318
65062
23051
11019
115207
57720
85365
54674
23310
7030
91603
146434
284391
9063
4842
53358
2621
284836
56339
7038
55205
494143
9933
79713
286205
3783
1796
115330
5603
150468
54207
10106
57718
414332
10371
162979
202018
4673
7461
1912
3040
3978
55753
3226
2643
54910
53340
170082
81853
6167
653
6277
101059938
57621
64222
6236
259173
3840
201181
115939
9445
59342
126432
646627
5156
4300
79912
537
80821
8291
4281
5202
388595
9023
654364
728689
79990
3589
200035
10001
79148
722
133619
170692
1118
3364
57804
64434
256586
7593
54798
163087
23306
8650
728294
113263
56922
79035
23180
197257
79887
3700
54873
10755
22884
85444
1555
400120
91452
2483
83661
131118
4882
284996
26610
1396
692085
57639
55367
6383
275
151050
23266
23012
1414
6999
222229
1105
10196
51015
10956
7733
29893
6932
2524
1196
57228
151473
163050
9628
100507607
81704
602
55281
55683
79817
9924
54832
4007
9695
3995
51458
84661
8895
4897
84914
11185
256764
29089
5708
23505
55215
116039
8603
23769
100129654
11313
1943
59352
6625
22914
55011
9730
9528
8773
55629
11261
112812
154743
102723555
7473
112577461
91612
27036
8541
3764
142940
23039
201853
5092
955
51321
80762
140890
90865
23358
26092
6439
9397
6311
257629
84961
84189
9098
57449
23163
219736
92667
2752
58486
9076
9698
221710
91683
7580
9318
267
5348
7779
57549
118472
9495
7366
148398
4885
27127
90678
222255
1969
56925
10120
1642
6721
9203
54587
54108
4298
388722
83478
594839
5983
254863
317662
1164
8269
388125
158584
1803
79665
5347
119385
9866
441294
29086
9545
25983
79848
29890
9317
26094
4828
79228
9401
64109
6843
1307
11234
7284
6314
8086
170679
116984
8398
84945
408
9991
2567
10625
6218
4751
80233
3981
27433
399888
83889
100526694
3298
83851
5424
114784
53335
10768
10410
84503
57097
6553
165545
3418
4255
414918
6839
7837
53405
386607
114800
55308
6175
79969
89953
54329
22877
10608
388969
91404
6753
994
2068
5005
3757
3029
163131
56256
201501
10939
100507178
9500
701
11025
6432
11123
80832
83732
50862
60312
6046
64786
1337
9849
650794
9793
7536
7940
55196
10381
30815
30851
80331
56260
389421
6237
6614
115353
1020
4191
54756
57128
26287
60509
10048
10780
285830
6248
23759
22909
10449
254225
10847
133383
80209
5209
2519
100142659
57727
4215
2819
84875
7920
10542
10221
5271
92595
51031
10714
1041
94059
163859
54948
11188
929
129607
11184
100302692
29107
140453
391356
55120
221336
10229
10195
6424
7032
285315
200014
55593
4946
84264
126119
7923
388165
54969
317649
401647
9790
127018
6621
4212
4534
5027
7561
127294
9113
51284
119467
55353
25888
5552
5743
80232
10403
64221
9144
10023
440350
7379
57291
83857
1937
60686
366
692312
867
23710
9415
958
143872
81033
387597
1663
124976
6880
55937
11000
4925
200942
2140
64682
23120
64097
55213
262
7277
29093
1674
57113
4728
288
51312
11040
56479
8850
113402
10367
497661
23002
9901
400258
3077
5763
54769
23303
28959
54733
25875
51495
1069
10413
116138
9276
4015
51244
11270
29887
374907
57498
123745
10761
6271
22822
7748
57026
50488
4642
23275
284040
727910
5514
84467
160418
253512
59286
79983
23363
3914
4783
54821
55824
7040
414919
55332
1051
100128731
140775
8480
7188
643201
121456
7357
79180
9201
7408
11197
6850
79898
128077
84766
10946
781
23676
10153
58485
10253
23127
440243
10067
2182
7297
5528
9270
10223
55083
9422
83442
5577
283209
93210
91653
8795
11277
26468
9100
54623
2009
1429
10346
7415
5371
10082
57819
104472717
4013
105375355
9452
6997
80307
2212
420
1016
54876
2023
1036
2257
79956
200316
8639
347735
677777
84216
51026
4133
80135
5009
11257
100131390
5950
63943
64425
147339
90121
9209
653121
10949
10672
3680
339324
8932
51696
387640
26277
493829
57337
22806
130827
79966
23286
100288142
55193
51272
51002
23253
51018
26127
56133
2568
167227
10322
55065
83986
51303
93432
51479
23529
729440
27166
23237
9751
59341
100129583
80852
8820
90
7716
55544
55922
9993
388730
257364
4552
26001
152
79873
4641
10279
10874
57530
29953
8216
55527
51194
7466
6532
25975
92935
339766
8540
4001
102724862
6442
1508
553158
57492
120227
1836
2487
3695
375719
91647
4697
2138
9632
78994
1540
9615
6873
3549
6697
3308
58475
9389
51013
2971
7884
9021
23177
9672
5121
134147
26528
140825
5095
8751
9532
4179
56998
84940
3775
55646
151648
23550
944
2739
864
4221
29781
55357
124930
653075
256281
55901
101929059
10445
5493
4071
285368
7103
23295
84918
5551
5965
4913
4716
26073
58473
493
5300
610
1562
56890
23373
96764
140564
30001
6348
84280
10979
51074
100507436
671
8435
23287
3957
51372
23059
10666
2633
204
25851
114801
6307
7376
201965
8777
192668
5178
5230
1339
7851
3996
23596
85403
4588
146909
113220
7110
27343
2556
57167
4584
54468
23636
29099
9516
653427
92346
10412
8916
54968
1629
5980
1027
142891
29761
23429
55615
64114
24145
346389
752014
27095
389840
51129
9479
23037
1646
8681
9265
201475
3039
3283
26155
4010
5110
79727
9403
9815
8999
81624
373156
345757
64127
873
54097
23086
51676
348262
55778
9687
5286
665
100527943
9727
57474
374946
404734
196446
56623
2161
9648
340146
89910
55749
414208
9578
11120
11331
6059
1519
790952
23649
145282
79699
222698
9646
254528
221143
9533
5625
259232
85415
55139
79366
6536
27010
7766
3074
83638
8888
10600
10455
5138
1130
139065
339123
440590
6489
158866
10598
3200
92305
29926
79571
374291
160419
493753
10634
25940
10535
100302743
55561
1355
6372
57184
54961
826
200765
2037
10615
7462
222584
1394
11278
283337
55153
6882
64411
5570
285605
54102
10567
5427
135114
2053
27134
84628
545
81610
51747
5923
22826
10114
25801
90326
80714
54532
51477
79949
3772
3240
51374
84915
286097
50717
79155
80830
87178
56548
23215
219537
1615
22944
6285
9564
6015
60673
283131
63924
130612
56943
3912
4286
9019
100127983
9768
11226
27284
100526761
126549
9114
5939
55862
90693
151246
8714
125488
8481
11283
261734
22905
116028
55334
84910
784
5378
51042
80764
256380
100505678
23480
728833
23317
127731
1961
51092
6018
10827
9963
840
54556
10154
22797
23216
51762
116255
6389
550
93035
26057
29760
7265
29941
29767
9158
4325
5431
4176
53917
118881
725
55907
57609
9788
3732
2649
88
149951
23112
1155
51025
84975
636
146779
127707
6586
25829
10110
374882
55071
283450
128977
3090
9789
5098
5564
10133
643854
282996
101929128
10699
150771
339559
84108
79760
160760
6535
55779
54867
139324
2
126520
7367
6497
10591
51309
2017
2193
23541
6449
2537
10283
55379
10440
11186
51422
8562
124975
3213
2562
25929
11237
84061
140691
23603
84058
55454
163051
1500
182
3105
138199
1831
23483
814
54205
7372
10245
100996746
162993
768239
5641
27345
54554
57198
360
84900
26586
57495
692225
23132
112616
100505576
51504
57333
84447
100529855
286006
91975
114803
3927
7423
51184
23334
23259
128710
91355
22998
23119
23558
10383
29104
15
10100
91807
11083
283683
55856
65975
84455
8321
199746
1951
197320
51506
79019
57666
203259
23556
206358
81796
256979
6844
692148
79073
79168
7841
282991
121643
153562
23028
51118
90338
83746
3860
11260
10379
90665
10236
51573
23140
81846
1268
4081
114876
3431
6239
80824
83896
55847
6666
23221
7559
221424
55023
163033
3459
8303
85315
2195
284406
80020
6098
134728
178
197322
3977
6009
55676
55283
2936
169981
131540
5150
6785
1143
51264
54677
10682
6227
100131211
9766
8189
2214
57644
7266
1573
51523
11216
4948
3176
101060351
3455
54622
54790
79668
199692
57585
27335
11027
3815
55289
91433
3099
22978
4077
8915
10589
5716
51234
127687
283446
66035
8502
8309
7789
5783
55336
1056
6359
63925
55970
85463
3371
7844
79979
112724
7135
83878
4928
144455
51510
5409
57505
55297
401509
58191
100529239
4763
8938
54704
22949
160518
9333
41
80380
65979
7454
339230
84296
2581
162461
30850
3824
79541
11047
6926
1906
10232
2202
1312
200894
79689
93183
4599
100527963
63917
126382
5412
150365
10241
148789
2531
79570
55718
126068
6646
81831
6203
57224
10892
140545
113835
475
8091
51720
55144
79176
23321
170622
6038
4337
3087
25879
6183
5420
7879
81027
4287
729
105375166
84281
477
6734
92370
57532
1211
525
221262
284361
8612
81617
56993
54989
55008
124583
2940
84790
56910
79828
149478
11193
160492
2494
54344
51575
23001
57733
101929748
6194
26578
11100
8214
5986
9145
24149
729262
3268
51029
118672
54998
60370
10276
219988
730101
79047
84298
56101
5795
23052
57563
130271
221037
28974
2267
220929
100506164
1844
94103
257000
5430
2036
6478
339768
8728
2846
7184
4125
83849
7448
100302736
100820829
5216
5523
2661
6457
5557
57818
4616
79929
6399
55959
4790
10935
4715
129563
51024
54997
261729
57724
91107
400798
5341
123016
55311
122961
114548
5996
93664
284254
3654
8826
51081
84946
50807
57129
222236
5909
29889
5695
57673
3456
64854
83931
1369
84666
10056
50640
142680
4258
219927
5256
6737
55714
79022
1497
4092
11258
10635
93436
83742
55761
9625
51702
7871
64215
200312
5805
8724
131616
9765
6422
10263
2557
6170
115584
7247
1241
6678
57468
7133
79751
5992
84065
118924
10225
5091
154214
55359
116988
285141
10004
23400
54460
5016
285989
1258
4216
25791
10577
401265
11244
7076
10869
57519
9087
9444
598
8609
9521
4319
58528
8807
80725
10000
9836
54492
51361
23315
3587
84167
10811
3134
55599
83892
79799
6550
547
84876
27012
51742
166793
7464
2791
23774
6446
10725
145781
4239
10969
6645
57489
57210
10095
55915
8975
51333
23499
26038
9976
146956
53841
25776
1880
55623
169522
84848
9940
25788
55124
56970
84517
540
6869
79675
11340
2894
80301
9689
1122
26035
90019
7727
55092
10912
155066
3055
100128553
64772
4676
8263
144501
5530
2495
130367
5125
80008
1468
128434
3911
5058
2316
10043
55286
5710
5032
22906
9847
283927
87769
64718
57460
145270
7059
53346
8694
7399
386593
22847
26227
83692
29081
84812
8140
55133
104266957
57181
2120
23192
114112
5373
23466
6257
51196
2619
29985
55041
7046
4794
158471
9088
387921
51397
8078
10392
83982
6233
8492
10282
200958
90102
54504
619207
123920
140462
8972
6520
3315
9343
92737
1509
27249
6300
6657
100499483
3149
353345
6373
79258
100132234
7405
10484
114897
8440
120224
2534
1439
6627
100287314
85450
5876
373863
8745
55572
25900
400566
95
79791
84172
57834
6713
285852
64084
127428
9669
5165
3073
22948
63928
51259
57567
169044
11051
83544
55187
3117
79661
84546
1382
195814
9001
79101
7566
51386
29775
81873
1611
29928
149465
6910
677827
4295
25981
1603
6838
728661
81876
203547
318
402778
9473
5871
53827
84327
7088
4124
9563
51014
129293
1743
23113
10922
6624
126070
5295
376940
3172
81025
642587
4947
26036
4302
57619
4843
285550
58526
5826
7087
28962
57709
141
5547
4008
55658
91
683
22880
8548
10051
64065
84309
60592
6940
145483
3588
10797
22980
10627
2271
56106
8996
64782
23197
155465
8836
23760
3398
833
8425
10651
5051
2783
79635
590
10402
29988
79134
80833
3964
1852
9275
5588
79001
25819
2172
401387
5818
118487
90624
7298
260436
54964
79735
9391
5435
25813
9541
348174
134111
55700
84132
2189
10418
645051
56649
57461
25789
148022
7056
64429
26150
54842
79739
54913
5648
90592
23096
51191
51562
241
340719
23312
246
25992
10957
146754
213
9927
8242
30837
6347
22928
5727
8766
124944
5007
1351
55827
1802
3851
4056
239
8736
6845
79068
152100
22931
150290
8324
140612
9846
84814
54819
9141
5358
56005
1158
6160
79147
54828
25840
9986
9435
51233
1983
284307
4853
58985
57215
84870
221120
10018
2356
975
9052
3693
200879
2250
2177
100534612
139411
255104
84750
9476
84085
57716
4985
51201
5827
6990
100133941
57862
2125
7916
254531
400916
81545
7341
10606
201266
146712
4171
55973
1756
84187
64135
51776
2875
51156
10572
221091
290
4595
5101
9962
84314
79672
7159
23600
8462
9778
641649
2335
100529209
11235
22920
56180
729431
51367
10964
6256
6284
339105
7862
56245
10226
54331
84519
23122
928
27098
23503
10290
149483
90196
121536
54793
6007
3475
216
4091
2059
3857
286148
4643
23410
23293
137835
26018
26278
5873
60485
55119
9427
100293516
4439
80184
1992
23031
157777
93010
3621
323
6434
754
8775
2186
51726
51567
5090
27030
10205
6125
9069
7155
2081
64759
359948
1545
90627
4322
54859
9294
9673
2147
51249
65078
4638
221421
84236
84955
3945
9182
51290
5296
6291
317762
5111
257106
100507203
5596
1376
8031
9284
9026
8520
55277
4646
646862
80351
51594
120939
25988
201627
3778
4057
55636
79574
28981
10144
10578
340371
29785
56888
107
53942
256691
63901
54884
7490
10391
4481
653269
367
7108
29916
55573
2710
9547
115196
375791
23589
23368
30833
55290
51804
27445
10163
51557
9173
152007
313
84458
8906
22926
1645
8733
27035
23408
84680
282679
677766
57698
6429
3248
23576
9908
29888
5447
200734
91703
10432
117195
5476
7504
5104
8061
5423
5683
2580
427
254048
8861
80167
2593
57325
123872
9028
139886
2646
5935
6750
64426
221662
113730
90637
4323
9814
65981
1759
116228
9524
55244
343099
11281
85440
23077
8295
133522
57465
26353
5429
283638
117177
79856
9126
9054
81691
2288
6833
100131244
1760
64770
53832
51110
80728
10524
100526760
79823
23208
135
639
9368
26531
4267
79041
79651
23094
80817
163351
58506
25937
222068
2965
6273
101927034
27143
10406
3430
1153
1008
1559
811
1413
8273
10762
108
100008586
83543
100528018
54475
25915
374655
128989
10482
8325
5793
57185
8788
63920
23288
2790
157313
192666
63874
1543
6168
51538
100132247
201799
6280
6507
3903
991
57584
79822
638
100505994
51631
9674
54976
26051
3066
10124
139322
5520
167555
131034
139728
647135
57205
445
54830
5691
221443
55971
7263
1892
79098
6947
5025
3312
55571
65059
148523
51287
3001
3725
6363
92359
2878
10169
606495
8564
3660
3925
126321
7866
55706
51608
1154
6942
9338
4613
79868
2745
219970
51398
63895
51171
90673
9079
5264
140461
8407
81608
9658
5690
51097
6188
113146
10671
64342
9764
51069
6728
6820
171177
8676
57822
140699
57161
768
6338
51450
127343
10875
8045
282616
7295
29952
114882
55816
148867
692086
79037
54809
63027
652
1947
25980
100533179
246721
57003
57586
5589
23264
7381
10643
2067
50618
51296
1665
7051
7204
27183
1116
10974
11108
340075
1653
2817
144453
23218
6945
984
11148
4892
401548
3601
25970
64081
1632
11142
1427
146540
10422
10607
283848
23043
51161
728591
1198
5479
1347
10257
284565
101926907
116966
10385
4860
64746
130497
7852
11194
1476
57470
79102
284069
1736
56942
83658
653641
126003
57715
9643
3178
349075
23568
79770
56926
4649
5654
119392
8629
3739
123207
177
23732
100507246
54897
1673
4773
79925
2719
728340
2963
81034
8910
116238
84699
26608
9196
10866
79623
1448
1435
388372
9260
3597
10630
26751
79815
2296
3827
55238
9953
100526842
11096
7873
51185
150465
5685
9096
22891
390
54882
253650
6817
653067
132625
23060
9092
7223
55612
6594
339804
677819
11249
23026
7512
27324
53344
6723
51393
9715
10556
641339
23646
10718
4043
1820
6948
2303
2645
3954
7132
162989
89846
27230
6452
132228
9825
150684
51298
24144
5169
978
1510
22911
51310
8178
7516
55135
51714
643836
83729
3310
51146
29763
10006
9156
28989
4820
57731
23479
3026
53944
677681
124997
2977
151963
128178
54454
8729
7705
3762
152002
79026
10687
51131
394263
8202
80763
1290
2571
9603
5591
8890
51339
122786
221468
150197
11187
4722
5293
6690
80324
741
3743
57600
11112
85360
646405
2074
57126
80736
220359
9746
148534
55335
4633
22801
567
3753
7424
5585
26233
5915
3270
10138
92822
9472
94039
54107
93107
23623
23030
2281
6699
57085
79413
347404
91147
2786
2070
9322
9700
54988
79370
3636
845
4332
80273
84272
149013
27258
6135
55532
79946
7755
5618
316
81832
9053
3608
167691
3690
1475
23099
6193
55240
57569
22908
4478
22841
554226
11078
84689
11156
64838
4938
6604
84627
85301
3856
9960
136259
2063
3161
6405
387332
84623
28951
7324
51023
10330
23764
249
222950
79007
55206
81557
2921
25759
64108
9328
126295
266722
10826
6546
84134
5281
81790
401190
969
80705
7791
2354
5802
7083
64121
81037
54800
6016
54148
116441
9844
6278
2764
283431
653333
9060
10763
8408
284434
65260
999
90933
1104
10694
6483
90417
10602
55790
409
3931
29015
1362
6659
6835
150572
150678
4707
9701
80315
5705
8615
10326
29119
30061
670
84747
9828
55327
4067
1326
51659
56977
7465
79918
9757
51667
91694
201292
56172
115019
84239
3615
4487
10063
29058
4134
53342
154064
7874
5709
23390
196743
23467
91409
389376
23065
283677
5145
27133
25936
64768
57823
161176
1004
57088
5196
23380
29074
22990
80700
1968
401546
5898
535
23768
26268
23585
394
154796
78991
56647
54984
79924
3958
9136
80114
5782
92421
6818
3281
4040
23057
25828
84283
1936
9324
26806
1058
23195
641371
1123
54960
5663
56253
6601
5660
5033
5686
9767
64175
10159
6299
23015
48
3934
166929
93627
27145
128439
54737
22802
6662
222537
10573
3481
10370
54919
2224
5471
9589
22994
3422
5063
79980
149420
51559
1525
7508
9982
221908
9813
744
23532
388569
147991
1454
90993
201931
4825
55260
9066
2948
8277
9775
84267
10817
2217
285381
5756
5243
79961
64146
3930
26063
4713
4486
85459
8763
2139
7515
80727
126208
1845
8501
1317
51117
91584
84675
10971
8869
79050
9075
56606
146664
100
7018
6293
91875
64083
2201
55904
51241
1160
4884
9909
79901
81615
79692
64645
55079
2124
9278
7572
56984
127602
147700
658
5218
8727
400745
221749
29841
6367
114991
51124
7403
6703
571
51334
222663
5277
23048
9928
9227
5157
26205
5822
80208
23281
55324
220002
10171
859
51077
284340
23367
113179
3141
51611
54575
2873
57464
388963
79895
2760
54453
5335
10160
7436
81928
641455
51435
821
54414
23360
890
2327
94241
29078
140730
399
1308
7799
80025
5798
84263
9133
27336
396
1329
57142
6134
3550
118471
83539
1718
26020
57613
79083
57182
55900
1956
54476
4583
100526767
134187
3162
79673
23118
9040
501
7975
375056
29946
2194
79701
7276
9526
80149
81706
128414
83641
51399
9440
54069
152006
3033
133746
79038
65985
2526
9169
6579
1958
488
64374
79989
26289
84449
10121
9683
27346
139341
55183
100101267
2272
10436
2021
4824
7444
5970
128637
284443
5981
64963
8549
10810
116254
57657
7391
92369
25926
4854
22997
306
7539
5465
948
353322
4644
256987
162655
131096
64328
66002
9829
1015
6047
6185
6156
83592
7041
5733
51247
4919
9860
55677
22836
11135
4285
5454
10181
286336
25842
710
7272
26207
5645
162494
166968
10783
57188
124637
55521
1503
23549
201294
154091
81875
23382
57504
441061
119504
2244
2247
83706
7384
5470
8894
65124
118987
2802
10814
9055
55734
4054
55170
57092
56889
3854
51540
80000
11057
5017
29127
114898
11018
54682
10518
64778
4682
79870
64866
28955
55552
56001
342897
79144
7031
2638
54555
55852
8703
9466
4316
442213
1915
7538
94104
22820
150763
55633
9367
93556
55352
374928
79170
5311
375057
171392
51780
92715
534
206338
3603
3676
2298
79872
58512
10234
6637
89853
7134
84276
57338
2243
9446
64333
151534
57570
80328
2261
90522
83862
5997
9321
9162
7082
9922
388633
10083
429
154810
8454
64753
10021
6628
54955
100528021
131583
4810
51085
346171
4248
83786
7106
23446
10581
728568
84262
30836
92906
9470
23017
8048
2707
345630
400818
4174
8560
22924
5830
3043
51406
762
6158
56667
29896
10284
8022
79753
388403
28977
57540
154791
65258
120103
7568
22839
51019
114794
56110
8085
405753
25941
55161
2870
124935
57467
1191
100048912
8802
80314
92292
11341
7124
55061
57630
5208
29109
51141
126133
6714
4542
7477
151188
7812
55316
5106
3363
26996
63035
6191
161882
84440
7881
10948
8270
7763
25913
374887
28978
148014
27122
123879
115827
1837
50808
10076
2146
607
6829
1375
2521
2907
124152
22887
56254
23564
79016
4705
55609
6320
55166
2859
64283
894
10481
26509
58499
89886
201595
84807
381
114899
10468
100532724
27202
56099
10557
1030
558
7639
84148
91304
10473
54577
4774
489
7922
81573
10951
3574
866
9447
5961
1353
583
8646
5784
26015
5702
90271
1108
149041
146198
114757
22837
138716
6354
9467
202374
9429
3148
27332
643641
8531
1741
1660
55500
1436
6201
9258
6590
10129
364
154
2252
79718
285971
3643
124751
9987
54332
23531
253430
345079
79630
54915
55744
3146
84124
114971
10297
80070
7941
9569
55610
256714
7555
135293
163049
7042
397
55967
26027
1939
25865
8570
25758
2175
9121
80021
444
81931
23474
5644
390595
2620
27309
55858
81605
338094
147699
171546
2145
56906
9972
6751
54361
196
27316
114783
1891
57647
4163
157506
91614
55558
94005
348110
347730
9810
112487
8239
5452
23413
23461
92610
79763
51710
348487
54825
27198
6181
3932
11011
4670
4360
5947
7542
1495
285335
126374
8089
8464
10529
23155
23524
55745
51668
84935
51449
388743
2886
54891
100533952
2939
3749
55909
6241
146691
1400
79587
23369
57458
8292
9583
9535
30819
283316
63933
54498
9465
10469
23376
441376
5707
4284
80168
9612
79092
390874
730087
10116
8607
10715
55531
8805
54552
29954
64795
1524
11104
28996
79080
27327
1374
2947
116448
25874
84904
2034
4886
130617
8019
7067
8862
8767
7360
27130
55510
11276
196410
6448
171023
57597
963
168455
1902
55914
79633
55740
1595
23067
10314
3816
6547
84002
9118
55001
54567
767
57415
649
23469
10053
4839
10558
26145
730130
8803
2171
146705
10856
55585
6729
65266
155370
11076
3784
51181
286133
10428
341208
9459
9104
10125
80176
2706
5670
5681
23475
11064
84934
126526
28998
6840
56944
4982
255403
80146
51454
100134934
6533
5442
80014
492303
91663
51409
841
79905
8904
1200
8100
7153
6660
1021
9371
9832
3641
26576
121355
79694
4047
79703
7518
554202
7456
9719
667
55835
643
149708
11140
51430
23024
64405
22904
399909
9266
8731
54149
143686
81554
6173
3619
9211
91749
129831
9780
143458
4940
9938
6397
400986
286467
10376
8864
5627
57560
10861
286053
51061
729993
388335
80023
23270
101060226
1114
6731
11224
5316
202309
23250
284034
10537
101928068
27250
11320
8446
55684
29097
8328
55713
84836
3620
2953
6726
50628
43
6263
100272147
51119
55506
79762
211
11141
389333
132158
81035
9903
129807
150275
83394
8525
283229
51116
9839
714
10569
9402
933
8818
9842
50615
3704
375061
25873
9420
9208
51474
9732
653567
5684
79845
11171
7039
10499
10135
81611
55330
84292
7421
150696
1028
5571
113791
29090
54780
440400
55177
6342
14
5814
80216
9786
147650
9221
4686
5532
64761
3203
399687
5979
4502
84418
9966
6781
9820
9907
283991
56945
55200
6232
3955
154661
114884
79660
130132
27175
6392
3184
80816
388121
283152
10551
8793
5781
6698
286887
79414
5774
5604
2592
6416
3669
25854
113177
10745
57580
84726
23013
94115
10055
3936
10732
10162
9020
319089
51604
6789
51512
7711
283578
94031
4868
7328
2923
79805
3257
962
10885
91373
643650
55143
6688
6773
11009
23023
55437
5029
5325
160428
8772
79863
55034
55890
7136
51439
8187
6566
9064
51564
79832
6608
9926
80851
64091
222194
677
100846978
11325
253558
11182
200172
2246
55651
55839
5194
23539
157570
9123
6352
8780
55365
222171
2264
23545
151556
4051
1265
23566
10068
995
84514
100529251
23036
54851
125170
4175
694
2628
3394
8402
92912
29927
400955
135932
3787
4053
3861
54529
80169
10327
26045
25834
164045
2150
145864
653550
6234
2348
23348
3423
113622
84809
25837
147372
4729
9590
5567
349667
83795
51673
3631
54472
6182
1879
79792
654483
56851
152137
2900
115294
83999
57494
23075
124995
79622
65982
6907
10926
56952
54434
4238
653689
10975
9383
55326
5439
112
112950
24146
3698
58489
1259
283871
3661
2051
51053
55917
1264
56137
57107
51645
9720
54584
4430
1890
90288
55818
166336
8082
400713
1295
114990
57622
102288414
51729
171484
100885850
284029
10075
117145
8841
5739
11145
6613
401097
55179
9442
831
8854
4891
7334
677768
8824
80818
11250
8028
5336
100271849
56829
54959
729447
11132
54765
54106
63971
100289410
55314
4245
84081
84890
23117
339451
374383
11074
90506
642517
100885776
5116
2108
9968
51527
375790
2300
8504
192111
93663
9853
285955
844
55031
147841
58533
57120
29967
4356
26958
490
8227
190
119559
9399
8379
6632
55181
5504
9889
23555
100775107
5458
54187
152831
80045
80279
90956
23607
115811
6904
2677
91801
55175
64116
6513
10857
226
1800
5287
528
10040
678
10350
5692
9536
5991
11043
55620
159371
55783
3480
3125
85464
2932
720
221
5701
51009
100506033
90871
7351
101
2872
8844
11017
5261
57050
55111
149954
56154
3718
55132
51067
65977
81671
79993
255082
5159
10938
3490
3068
25764
4726
2040
7581
221656
56985
54681
4681
56904
23135
9969
58509
55073
1059
59343
645811
80022
114785
1650
29883
2937
11037
25948
64430
586
26503
7552
8925
221806
22941
221833
156
64073
51585
56100
8874
54925
6036
8831
165215
56255
259266
92691
9520
5288
26136
134429
29766
223082
5314
27063
6510
388272
57547
5699
2297
100505385
8813
27090
134829
202243
83856
155054
64219
5139
65268
1979
9218
100131827
93621
654434
125228
6184
102724800
9480
3098
9948
1428
650
64118
84899
84649
79691
8991
100288428
114823
6928
25797
100533970
4976
3712
6351
463
9742
123720
166815
79786
124512
339
1474
200315
26507
10324
10923
400746
5290
112574
51302
125113
388610
54739
65055
7468
352909
4647
2304
53831
91526
6790
57480
100505573
10150
7187
8527
79839
1633
3231
151887
7179
137964
3665
161145
3516
10902
548596
2805
22795
7781
58508
7123
1942
4520
255324
9046
93349
8604
387885
5137
2206
3306
51375
5646
84988
84433
1054
726
1889
9721
4998
126637
6224
84501
84233
113115
84679
7586
3274
28992
2130
10155
2821
84823
51326
8224
56954
57169
5244
221711
684
147138
272
100528007
5713
770
5480
2255
55351
151507
23186
8339
11126
10039
7503
10103
54982
2664
9870
54751
339983
9056
58513
116
10014
8289
5894
5451
54495
3487
57721
339044
85446
55003
645073
10940
353376
7804
5036
57555
10158
54843
54796
6222
8605
57693
201158
440021
94134
55657
158228
2919
55450
549
183
2199
51343
5883
55432
1616
83596
7053
163081
1491
90378
23536
1608
79747
129138
1728
727866
150
3625
6511
9663
27233
57459
5425
85364
55356
54797
147
6700
79733
22870
50853
81926
100093630
4038
6197
8460
113277
23657
90594
10078
6398
399694
6776
9204
80131
29103
246330
9238
25780
23604
9640
6647
84232
55227
5317
3300
4082
9146
6857
57148
80004
2048
240
4621
94274
10045
11168
8074
2152
79849
57226
808
8876
8837
3742
7078
357
169792
4791
89848
152579
64089
23211
57699
570
5580
26050
6339
27
3556
9197
22881
29914
3131
23411
6509
29116
10179
3488
80204
6451
55540
6330
2877
339855
26147
23433
646851
5715
441273
472
353116
9462
7093
4303
2583
3727
116844
147948
10673
27129
4862
4650
3696
4343
5796
7782
57134
9791
222662
5265
4597
9419
5292
100507495
47
392617
83743
392636
1737
81892
2011
59274
2931
10347
5616
57409
23412
3097
114915
26355
6502
10863
1136
1373
3918
79724
84335
147645
51205
3929
11056
283933
4318
10493
22852
51084
54963
4780
55088
11243
125061
27351
1839
160851
10891
63910
55007
29068
23432
10953
302
6704
55582
7044
51499
5170
23338
51809
11001
85300
677804
6296
158326
8870
112942
10734
23154
6275
57817
6733
56143
8417
57605
5313
8632
1073
114789
80129
64321
55631
84570
8740
9045
57553
57534
147007
140893
8396
55252
572
7412
94120
55789
56648
10127
81929
152485
4253
57479
285973
284110
199720
55781
55159
23331
1119
2550
84294
2623
1955
146227
387036
644538
653145
60625
3269
5359
51652
128240
22823
56267
23731
389337
1368
4004
5928
91056
6741
493856
497258
4784
27106
91319
57542
1285
9787
114294
58477
10972
5888
8835
150921
64744
3075
622
664
23062
23309
9424
54676
23648
23333
6888
79679
284098
4088
26270
4747
1654
54461
7026
10384
143903
219972
9980
375248
5291
79594
6283
5499
2781
56140
55534
6425
64946
6636
51596
2632
687
4869
56981
8655
9267
950
7567
3036
729238
10147
1389
4494
11144
9685
523
4050
134510
1801
100499467
9919
6674
8643
9951
83604
405754
11337
27352
9358
6147
1390
284697
196264
4283
2041
10947
9735
60598
84905
134548
1026
285025
23169
9510
219771
3485
983
79939
3817
11282
64137
9344
283349
152503
8514
8875
55251
146845
51633
51316
842
3875
3175
745
1829
55634
57546
8495
149297
2981
56259
4795
55635
1106
23305
50515
8476
5538
23141
114880
4675
4939
25894
64332
1398
11200
5147
7840
91543
1175
57446
25961
4358
2207
836
10844
7511
51614
79853
54566
55757
59271
1649
29929
83667
79081
160777
100303755
168451
55435
387496
24140
7482
400759
4023
3720
3613
1938
1267
6812
5055
3070
3437
2564
54822
102157402
286499
83451
36
144100
55342
3241
10024
341116
23332
55607
101927060
5693
80034
27151
2867
123103
2908
6433
92312
402
6295
11160
132203
1776
84733
2768
79796
5828
6319
832
282973
2912
3703
3800
5534
10248
5608
142
64129
4045
53836
23560
3155
7699
51187
54512
84299
10521
346007
148156
4017
10555
388394
85462
5753
10079
8195
9638
6943
84981
4311
747
1954
56300
8260
1874
653808
440345
205564
51317
11183
4097
9235
26118
5569
79053
340252
79927
100996939
79669
3685
100506581
10452
54438
79676
6423
440836
4522
54103
79777
103
284370
55366
79153
115362
23022
266743
6672
100287932
124220
51281
55972
22894
401152
136227
7984
134218
148268
5744
10928
257407
112483
389177
80772
7130
8677
3833
646625
7016
55698
9655
142678
10312
389136
1622
100129792
51341
5345
1350
23705
55186
144132
6651
200539
6722
51554
3420
9733
2209
85477
80219
79159
57186
2969
389118
7752
5198
79447
55168
4779
89866
26090
389384
148304
201176
10174
5862
8293
6282
6875
3801
55754
10984
91869
54663
149473
84947
50486
8399
29100
51251
57561
4580
146
222643
3444
1289
8600
10592
9277
11322
163059
379
55165
2992
11330
115703
2730
3554
92126
11262
1453
79071
124044
260429
27072
150274
5948
26520
5252
10345
4798
30818
11274
58487
23125
57192
9077
127733
196403
724102
10109
80218
10747
4154
10193
51491
56624
84166
2055
395
4194
5714
2523
56961
80326
8458
29110
11006
3557
5494
9891
4708
120892
3553
10726
11329
80329
51246
50651
3688
1186
58493
64799
1576
246243
79693
27245
1464
22977
8538
374569
7138
64506
1655
23071
57217
100131897
8985
3251
51650
55362
23641
124565
7086
1002
10287
6709
147166
340547
6133
25976
4330
5273
94081
203228
9253
9728
9877
26191
596
2318
57089
26140
57616
53373
26
685
3747
26994
51534
80237
84541
9131
92255
26502
57645
1512
10447
340542
64900
6414
8710
440
163590
6049
5521
51035
2744
80017
6654
28234
64061
23262
100287616
8871
55204
5297
203
6617
26873
27067
84548
91978
2109
59344
393
51066
7638
81539
8445
9134
55568
3949
13
8828
9617
23625
56034
286101
9961
961
54903
2329
377677
26061
3265
3484
9884
84973
705
147040
78997
4837
55114
51236
121274
79883
3708
23085
5836
23621
26133
2121
56983
25841
19
1272
8908
8558
8500
64848
7137
284001
22974
27005
92154
10586
79650
482
135398
3123
118788
3383
7432
4357
1647
54918
5825
23584
116832
3976
219333
23322
4926
174
2239
90293
125476
200030
128338
8409
6650
9753
186
56990
116969
11214
23567
717
442721
3158
119032
54958
54943
27013
2305
8611
25886
285761
4665
6469
4069
170302
399979
25912
9649
1909
64976
3064
6337
2734
10328
1762
100128893
57168
644815
55701
7701
55638
200407
2123
3263
3428
81030
53345
26505
624
23291
55317
29855
85363
10349
80205
5502
337876
83650
4978
2326
9949
55738
925
337
57551
10944
440957
284071
131544
3096
284992
79642
57512
57506
57674
94234
5732
25966
23508
2874
80321
51741
100506211
126231
25843
23301
51646
26229
65244
56899
8310
79745
54974
5337
171425
54502
28971
388341
26025
55037
153768
140459
6427
6461
9772
10622
652995
374618
84706
26749
6616
728343
25907
57476
1117
80117
401089
78990
79039
26230
9559
283847
3880
84962
5719
7168
126353
3426
3122
10362
51098
81894
10993
2635
80012
6830
55643
23765
3990
26523
23428
378
1457
399473
83637
653308
11122
29882
10898
11169
64421
1723
2771
80704
3705
79683
729540
6240
57447
115701
25903
10427
6456
91300
3304
56949
5932
84933
51700
6121
51016
5163
28227
1230
3400
752
10900
83852
57591
85476
81669
6043
284695
54558
255743
80333
23235
1363
4340
6117
6440
55771
9867
51566
2589
9543
254251
84708
100288413
10286
51733
90987
155435
415116
51547
4254
90874
2702
81558
165140
63897
84959
1365
10342
727957
84532
2022
126393
3170
10013
84056
1207
9830
4628
91860
121665
23203
137970
81930
83758
9827
7483
1727
92745
55630
152110
3782
22882
51727
253639
646658
3419
389643
222234
27094
51268
5860
23313
80055
55905
123228
7903
1138
81567
51043
10472
63826
6238
9388
23210
801
64599
54675
84159
522
8637
23645
7414
1544
140688
9515
7534
9875
9858
54058
64417
843
9600
51203
115752
79659
55520
222962
200845
6878
135228
8660
8482
9824
148479
65108
7275
57798
101101775
102724101
2958
253959
10992
6548
9117
10199
9554
699
284111
51390
57194
79627
5717
388886
6717
114984
8989
2204
284352
1294
29128
10382
23647
114770
64419
57728
83605
9797
392465
126402
84153
10463
8863
6634
7494
55247
11172
6355
93643
113878
771
79230
5550
205147
8563
10565
91947
84364
64344
29894
83985
388662
6746
284217
55122
9355
117194
2321
259307
627
1789
136051
1515
80789
84978
7780
448834
83699
25994
6742
57213
100129480
63941
11165
6493
11007
22850
55924
4744
145567
56655
23608
1841
8568
2914
219749
6744
54807
26112
5587
727800
348654
23562
112939
27111
4601
645638
27101
150159
7773
100129461
1141
23200
171024
343702
54496
79705
79836
9882
4776
79269
7592
151195
3659
112495
5268
339210
55325
9315
124790
9404
55728
2657
6570
11221
29098
85004
79741
64180
10899
729092
901
92092
644068
10868
185
163882
7020
11012
2203
100216546
646960
23609
8000
64208
55625
79641
55507
158219
204851
51332
4917
1282
80298
10184
57159
6418
2920
3837
26580
84749
65117
10443
22827
222166
1965
8662
23097
79611
1591
9061
60496
11230
8314
9493
2539
1128
2869
1440
27086
55164
29071
84926
100131439
8992
5238
5655
8395
57125
255798
50814
64856
643596
10795
101059953
55884
4193
55064
161394
81552
6231
6772
144809
79789
51174
93611
8704
64951
81572
1783
55608
220042
259217
90826
5284
7368
1263
1869
5321
11251
10460
548645
6881
7035
10950
100381270
204962
8708
1773
56521
10640
140689
9474
24150
7011
2230
9486
3476
84321
81609
7099
85002
6421
283870
79364
6944
51115
23370
140809
25989
4734
135138
64420
3983
11344
222865
79004
201456
3897
80217
56915
55863
825
100529240
1875
5192
54880
3717
54464
376497
390927
150759
4683
6187
158056
993
10955
10633
8814
6318
4111
5720
4208
391059
1604
140467
9143
474170
57719
57139
121006
117283
56243
8021
84266
8666
100532735
4736
7771
65986
26064
2690
286827
10438
100505538
4579
64131
23788
128486
38
80179
6374
117248
377
6988
51537
10454
338707
646113
11315
445329
1291
54981
5787
11013
387103
6653
22993
23080
6542
400619
64798
57636
735301
3988
23178
92521
1794
201895
3627
199857
153222
54474
8566
118429
5698
5934
10228
10991
63967
6382
11010
6892
252983
390980
8602
114787
11070
286343
7374
1628
27158
9550
51529
10794
4916
9805
197358
94101
11099
7498
51267
10112
221545
3157
81618
6450
90550
114
5037
27430
114825
1364
5900
9734
1346
100534595
339344
83998
375775
55425
9831
64122
2926
89870
353174
6401
101060200
865
199
1489
26013
5339
51501
84197
2625
10626
80243
10884
126868
286046
1675
79607
54811
100125288
81563
23704
152185
6996
6640
63934
533
65083
8443
6597
253017
26053
7365
5576
5328
8450
899
388327
1894
5831
8490
6518
79647
100529215
390637
442578
149428
51147
5166
4635
9348
7165
8508
6472
124739
6909
401288
5144
7097
57412
9350
51063
51157
55032
7706
79006
29088
83464
10396
57579
1019
84695
11147
57154
23436
56147
94122
9904
51306
80221
85461
3091
79649
3339
7104
338376
11066
414
57695
23269
26469
3902
331
79581
283422
56776
23761
1514
160897
9794
94025
2196
10395
219285
89845
129787
9659
728
5609
10494
100463488
60529
91408
90060
23143
1793
7554
5001
80150
27044
169026
27075
8634
474343
4495
9519
84101
285237
8986
391013
11098
846
80790
51669
83549
900
375033
11333
54951
7178
11155
830
23034
8542
100532732
1107
85413
634
8406
10588
84253
280
55508
196483
11309
51209
320
112609
5863
10629
23130
58492
1410
23046
10036
57628
26088
1437
4983
729597
116983
6492
60492
5228
57488
23345
342527
10256
25904
64359
23164
79629
51329
29126
55722
10480
83440
10562
51167
763
344558
6523
84217
3561
101927044
126792
201164
2904
203413
285268
6626
83855
10733
118
7025
441234
9518
56996
2027
27065
619279
9806
56895
9575
55687
9329
10840
6856
3219
286530
130507
2766
54865
93081
57211
100885848
55526
126
54941
23095
4640
135295
5694
9230
3852
100463482
26973
91057
1195
22900
284615
84164
258010
84858
552900
10574
8574
84528
55040
23351
729515
57708
9525
10793
3956
759
80019
22986
4664
55191
27303
389434
6249
23040
7288
10437
2909
4157
4851
123606
29780
10848
6514
84315
9816
159013
51351
6169
1399
1850
2258
55627
6920
92014
5516
84068
203522
83875
7784
83590
1087
89765
283377
60386
23673
7855
5426
9245
100137049
10804
220
3434
2961
54583
3818
4173
1120
11236
56999
917
55222
401036
2185
84735
10020
677795
248
757
317781
159195
115509
55840
10788
6402
7762
6051
9498
3299
80110
116068
3780
6279
79930
9892
200186
8924
22846
10960
6495
7314
646903
3107
54471
1959
85441
9826
1809
51429
56104
3352
283807
29085
92797
112840
6331
23729
5575
498
5210
5436
64077
1846
55184
8572
23643
5008
440138
10430
348
6480
51592
79906
118424
27161
10240
10052
3702
135644
5143
83858
7398
26037
83607
10528
905
8872
78992
54732
23228
5990
4792
53838
27348
8175
3295
26030
27034
4702
56132
11118
23471
152926
140578
64167
5372
4605
27181
8528
10213
92689
8804
217
32
126917
6206
64897
167681
10208
23271
134353
4064
10765
118980
51160
112476
84171
165679
84886
222659
5524
10500
4170
148362
860
4282
4036
115416
4297
8411
6515
4826
6002
376132
83695
8941
5270
440823
100129716
51208
1662
145773
222546
142683
51542
5971
4076
3672
8312
55659
140465
147968
9540
5069
11021
375704
6748
79042
960
51294
5903
26263
5119
23152
84317
26031
1733
154881
2395
10077
64895
56953
5893
26577
8743
51005
6484
9644
6141
51073
166614
283635
1047
79054
65123
5184
23029
341640
3678
84964
55107
3635
29984
23347
23616
22809
55624
28958
11170
285598
26160
10170
2263
22996
642826
57523
7048
106821730
109616960
56731
3250
90853
79172
130752
651746
6675
4680
55656
10658
644353
5834
5320
57019
22848
476
90381
11245
7514
3938
59338
5226
5073
65095
6687
57626
22933
6775
9111
54820
22856
5211
5803
554235
5889
25917
7286
3658
162394
55299
25973
10008
163
7994
23126
10758
119016
2114
10424
55257
100529145
28512
83932
146429
109616959
11080
25871
5308
1366
5158
2332
26470
116442
80745
8642
29964
57664
118460
84230
1609
8893
7070
152098
27242
132204
1558
7430
9666
9582
9586
389289
4329
222658
322
151056
10973
268
362
92960
2896
6505
29801
2950
221302
4261
10300
2555
84557
5267
84775
8535
5434
9043
158135
100128927
388753
6376
100463486
56923
22845
110255167
51455
114805
388
140576
283459
554282
100049587
2634
5531
9128
6693
140767
338557
11273
1029
4678
23230
90249
2014
57683
4331
8554
83463
2785
149461
7068
144347
10527
113189
1778
6611
3687
84060
9935
144165
10855
8428
24148
116064
25878
51068
643246
9400
23053
1977
254439
5352
11201
7652
64386
445328
2597
127544
113000
197
4126
84967
22834
55671
55861
4190
440026
8834
84954
5696
79695
63939
9723
53829
9883
7458
6120
283455
5924
64857
23201
404266
23187
51300
4485
84271
26574
55022
1404
285755
254170
6476
9601
54413
2799
57493
3397
1830
3592
5833
51411
29904
64080
10785
1101
9119
23613
65009
4741
3290
9989
23385
2637
9093
4781
134359
374819
79782
23522
81848
162681
54101
347741
7476
2273
815
196074
3607
89872
54893
282618
51121
389602
7673
9851
971
10317
100505477
57473
115361
113235
9620
1690
57396
55833
56951
2938
